{"0": {"0": {"DR": {"p_prime": [-7.0, 0.0, 0.5765709199170032], "xi_prime": [0.29619813272602386, 0.17101007166283436, -0.9396926207859083], "theta_r": 0.33715224944872607, "theta_t": 0.2507192237810438, "xi_r": [-0.46368331320123396, -0.6864224544987584, 0.560198178342831], "xi_t": [0.8971236162185482, 0.8898836425859622, -2.0370678426287094], "fresnel_reflectance": 0.020565738702423727, "fresnel_transmittance": 0.9794342612975763}, "WF": {"nodes": [[1.0, 4.444097208657794, 0.5765709199170032], [1.5, 3.3330729064933458, 0.19475135585219316], [0.0, 4.444097208657794, 0.06994640674000399]], "norm": [-0.4026073007863466, -0.4542927015978011, 0.7946857886161697], "target": [-5.355396859703093, 0.9495120657605228, -4.640955000436494]}}}, "1": {}, "2": {"0": {"DR": {"p_prime": [-6.876882597749781, -0.27357285183869745, 0.5765709199170032], "xi_prime": [0.29619813272602386, 0.17101007166283436, -0.9396926207859083], "theta_r": 0.25496925549290883, "theta_t": 0.19030840768016996, "xi_r": [0.0948370689003703, 0.14441520572376748, 0.9849620189216169], "xi_t": [0.3998247497424664, 0.15172422255244794, -2.4030383381652136], "fresnel_reflectance": 0.020457464235381487, "fresnel_transmittance": 0.9795425357646185}, "WF": {"nodes": [[-7.0, 0.0, 0.01177121716829209], [-6.5, -1.1110243021644486, 0.048730050235884656], [-6.0, 0.0, 0.11639313721117979]], "norm": [-0.10404417066320372, -0.013741687285309098, 0.9944777406164297], "target": [-6.707725833765966, -0.17591014861739573, 0.03991877627015383]}}, "1": {"DR": {"p_prime": [-6.876882597749781, -0.27357285183869745, 0.5765709199170032], "xi_prime": [0.29619813272602386, 0.17101007166283436, -0.9396926207859083], "theta_r": 0.33715224944872607, "theta_t": 0.2507192237810438, "xi_r": [-0.46368331320123396, -0.6864224544987584, 0.560198178342831], "xi_t": [0.8971236162185482, 0.8898836425859622, -2.0370678426287094], "fresnel_reflectance": 0.020565738702423727, "fresnel_transmittance": 0.9794342612975763}, "WF": {"nodes": [[1.0, 4.444097208657794, 0.5765709199170032], [1.5, 3.3330729064933458, 0.19475135585219316], [0.0, 4.444097208657794, 0.06994640674000399]], "norm": [-0.4026073007863466, -0.4542927015978011, 0.7946857886161697], "target": [-5.20882900746847, 0.6894783375329396, -4.715351873237977]}}, "2": {"DR": {"p_prime": [-6.707725833765966, -0.17591014861739573, 0.03991877627015383], "xi_prime": [0.3998247497424664, 0.15172422255244794, -2.4030383381652136], "theta_r": NaN, "theta_t": NaN, "xi_r": [-1.322980192796869, -1.7922487509718839, 0.997517493086955], "xi_t": [1.644704020859362, 1.6312741775097035, -4.456780112271489], "fresnel_reflectance": NaN, "fresnel_transmittance": NaN}, "WF": {"nodes": [[1.0, 4.444097208657794, 0.5765709199170032], [1.5, 3.3330729064933458, 0.19475135585219316], [0.0, 4.444097208657794, 0.06994640674000399]], "norm": [-0.4026073007863466, -0.4542927015978011, 0.7946857886161697], "target": [-5.8153067902806965, 0.16274218756493464, -5.323724111232812]}}}, "3": {}, "4": {"0": {"DR": {"p_prime": [-6.753765195499563, -0.5471457036773949, 0.5765709199170032], "xi_prime": [0.29619813272602386, 0.17101007166283436, -0.9396926207859083], "theta_r": 0.25496925549290883, "theta_t": 0.19030840768016996, "xi_r": [0.0948370689003703, 0.14441520572376748, 0.9849620189216169], "xi_t": [0.3998247497424664, 0.15172422255244794, -2.4030383381652136], "fresnel_reflectance": 0.020457464235381487, "fresnel_transmittance": 0.9795425357646185}, "WF": {"nodes": [[-6.5, -1.1110243021644486, 0.048730050235884656], [-6.0, 0.0, 0.11639313721117979], [-7.0, 0.0, 0.01177121716829209]], "norm": [-0.10404417066320372, -0.013741687285309098, 0.9944777406164297], "target": [-6.587378671057767, -0.4510823990013976, 0.04870739904601895]}}}, "5": {}, "6": {"0": {"DR": {"p_prime": [-6.630647793249344, -0.8207185555160922, 0.5765709199170032], "xi_prime": [0.29619813272602386, 0.17101007166283436, -0.9396926207859083], "theta_r": 0.25496925549290883, "theta_t": 0.19030840768016996, "xi_r": [0.0948370689003703, 0.14441520572376748, 0.9849620189216169], "xi_t": [0.3998247497424664, 0.15172422255244794, -2.4030383381652136], "fresnel_reflectance": 0.020457464235381487, "fresnel_transmittance": 0.9795425357646185}, "WF": {"nodes": [[-6.5, -1.1110243021644486, 0.048730050235884656], [-6.0, 0.0, 0.11639313721117979], [-7.0, 0.0, 0.01177121716829209]], "norm": [-0.10404417066320372, -0.013741687285309098, 0.9944777406164297], "target": [-6.467031508349567, -0.7262546493853994, 0.05749602182188418]}}, "1": {"DR": {"p_prime": [-6.630647793249344, -0.8207185555160922, 0.5765709199170032], "xi_prime": [0.29619813272602386, 0.17101007166283436, -0.9396926207859083], "theta_r": 0.33715224944872607, "theta_t": 0.2507192237810438, "xi_r": [-0.46368331320123396, -0.6864224544987584, 0.560198178342831], "xi_t": [0.8971236162185482, 0.8898836425859622, -2.0370678426287094], "fresnel_reflectance": 0.020565738702423727, "fresnel_transmittance": 0.9794342612975763}, "WF": {"nodes": [[1.0, 4.444097208657794, 0.5765709199170032], [1.5, 3.3330729064933458, 0.19475135585219316], [0.0, 4.444097208657794, 0.06994640674000399]], "norm": [-0.4026073007863466, -0.4542927015978011, 0.7946857886161697], "target": [-4.915693302999221, 0.16941088107777347, -4.864145618840943]}}}, "7": {}, "8": {"0": {"DR": {"p_prime": [-6.5075303909991264, -1.0942914073547898, 0.5765709199170032], "xi_prime": [0.29619813272602386, 0.17101007166283436, -0.9396926207859083], "theta_r": 0.45555089138037835, "theta_t": 0.3362694841131098, "xi_r": [-0.33588707534429213, 0.664741108008291, 0.6673073744089509], "xi_t": [0.7914027160692436, -0.3163951945013414, -2.152029029395143], "fresnel_reflectance": 0.020981028542514858, "fresnel_transmittance": 0.9790189714574852}, "WF": {"nodes": [[-5.0, 0.0, -0.23185649714633033], [-5.5, -1.1110243021644486, -0.08717412205441859], [-4.0, 0.0, 0.16147592971137573]], "norm": [-0.35193317276042896, 0.27490016835201964, 0.894747416509715], "target": [-6.193175294198015, -0.9127984075955373, -0.4207249173382559]}}, "1": {"DR": {"p_prime": [-6.193175294198015, -0.9127984075955373, -0.4207249173382559], "xi_prime": [-0.33588707534429213, 0.664741108008291, 0.6673073744089509], "theta_r": 0.8100879106135295, "theta_t": 1.3084998379644985, "xi_r": [-0.192423740149731, 0.6836891016977477, -0.7039476659855587], "xi_t": [-0.5165130895526716, 0.8772526897389944, 1.5460459342863575], "fresnel_reflectance": 0.21190247694613046, "fresnel_transmittance": 0.7880975230538696}, "WF": {"nodes": [[-6.0, 0.0, 0.11639313721117979], [-6.5, -1.1110243021644486, 0.048730050235884656], [-7.0, 0.0, 0.01177121716829209]], "norm": [-0.10404417066320372, -0.013741687285309098, 0.9944777406164297], "target": [-6.437506837780322, -0.4292513082146005, 0.06468893988167768]}}}, "9": {}, "10": {"0": {"DR": {"p_prime": [-6.384412988748908, -1.367864259193487, 0.5765709199170032], "xi_prime": [0.29619813272602386, 0.17101007166283436, -0.9396926207859083], "theta_r": 0.47998203409493906, "theta_t": 0.35364808523688224, "xi_r": [0.5350315762958213, 0.21248668609279828, 0.8176739084743435], "xi_t": [0.006288114100834949, 0.09077050004312483, -2.293098078360686], "fresnel_reflectance": 0.021129432466761723, "fresnel_transmittance": 0.9788705675332383}, "WF": {"nodes": [[-6.5, -1.1110243021644486, 0.048730050235884656], [-6.0, -2.222048604328897, 0.006999885264224475], [-5.5, -1.1110243021644486, -0.08717412205441859]], "norm": [0.13462941197745326, 0.02338019386254721, 0.990620153219969], "target": [-6.20661252461603, -1.26521111336433, 0.012496519513819915]}}}, "11": {}, "12": {"0": {"DR": {"p_prime": [-6.261295586498689, -1.6414371110321844, 0.5765709199170032], "xi_prime": [0.29619813272602386, 0.17101007166283436, -0.9396926207859083], "theta_r": 0.47998203409493906, "theta_t": 0.35364808523688224, "xi_r": [0.5350315762958213, 0.21248668609279828, 0.8176739084743435], "xi_t": [0.006288114100834949, 0.09077050004312483, -2.293098078360686], "fresnel_reflectance": 0.021129432466761723, "fresnel_transmittance": 0.9788705675332383}, "WF": {"nodes": [[-6.0, -2.222048604328897, 0.006999885264224475], [-5.5, -1.1110243021644486, -0.08717412205441859], [-6.5, -1.1110243021644486, 0.048730050235884656]], "norm": [0.13462941197745326, 0.02338019386254721, 0.990620153219969], "target": [-6.08009602331551, -1.536821494451333, 0.0017128313605796475]}}, "1": {"DR": {"p_prime": [-6.08009602331551, -1.536821494451333, 0.0017128313605796475], "xi_prime": [0.5350315762958213, 0.21248668609279828, 0.8176739084743435], "theta_r": 0.4101681115016246, "theta_t": 0.5605884437248397, "xi_r": [0.23725410243895384, -0.3996590767238325, -0.885428208985991], "xi_t": [0.7743879873974499, 0.4087400298130198, 1.4391857653429545], "fresnel_reflectance": 0.021861051548442735, "fresnel_transmittance": 0.9781389484515572}, "WF": {"nodes": [[1.0, 6.6661458129866915, -0.25541977676586314], [1.5, 5.555121510822243, 0.056493452970468094], [0.0, 6.6661458129866915, -0.08057560811383116]], "norm": [0.16235550965880316, 0.3337567345854454, 0.9285726307630926], "target": [-3.9514592805628337, -0.6914378060822525, 3.2548492858832736]}}, "2": {"DR": {"p_prime": [-3.9514592805628337, -0.6914378060822525, 3.2548492858832736], "xi_prime": [0.23725410243895384, -0.3996590767238325, -0.885428208985991], "theta_r": 0.6292114357317065, "theta_t": 0.45713661241067777, "xi_r": [0.3571048303073854, -0.6017639016529344, 0.714392291978693], "xi_t": [0.06648725065975068, -0.11180005911099765, -2.151799427379214], "fresnel_reflectance": 0.022902300793615757, "fresnel_transmittance": 0.9770976992063842}, "WF": {"nodes": [[-4.0, -2.222048604328897, 0.018918931931286336], [-3.5, -1.1110243021644486, 0.12181673080775014], [-3.0, -2.222048604328897, -0.05599617748015208]], "norm": [0.07411993702350342, -0.12498878531914963, 0.9893856874243104], "target": [-3.0670304909855055, -2.1812750305466877, -0.04582366805477278]}}}, "13": {}, "14": {"0": {"DR": {"p_prime": [-6.138178184248471, -1.915009962870882, 0.5765709199170032], "xi_prime": [0.29619813272602386, 0.17101007166283436, -0.9396926207859083], "theta_r": 0.47998203409493906, "theta_t": 0.35364808523688224, "xi_r": [0.5350315762958213, 0.21248668609279828, 0.8176739084743435], "xi_t": [0.006288114100834949, 0.09077050004312483, -2.293098078360686], "fresnel_reflectance": 0.021129432466761723, "fresnel_transmittance": 0.9788705675332383}, "WF": {"nodes": [[-6.0, -2.222048604328897, 0.006999885264224475], [-5.5, -1.1110243021644486, -0.08717412205441859], [-6.5, -1.1110243021644486, 0.048730050235884656]], "norm": [0.13462941197745326, 0.02338019386254721, 0.990620153219969], "target": [-5.953579522014989, -1.8084318755383364, -0.00907085679266073]}}}, "15": {}, "16": {"0": {"DR": {"p_prime": [-6.015060781998252, -2.1885828147095796, 0.5765709199170032], "xi_prime": [0.29619813272602386, 0.17101007166283436, -0.9396926207859083], "theta_r": 0.4152357710015436, "theta_t": 0.30737137524338787, "xi_r": [0.4706913129962743, -0.37742165883089085, 0.7974976986268868], "xi_t": [0.06583321824791127, 0.6195564969752261, -2.2609882630416642], "fresnel_reflectance": 0.02079089308094806, "fresnel_transmittance": 0.9792091069190519}, "WF": {"nodes": [[-4.5, -1.1110243021644486, 0.22226236322943704], [-5.0, -2.222048604328897, -0.07826567027812838], [-3.5, -1.1110243021644486, 0.12181673080775014]], "norm": [0.0953492518415742, -0.299682515429928, 0.9492622978496738], "target": [-5.8484176597088116, -2.0923713631971714, 0.047893338870414026]}}}, "17": {}, "18": {"0": {"DR": {"p_prime": [-5.891943379748033, -2.4621556665482767, 0.5765709199170032], "xi_prime": [0.29619813272602386, 0.17101007166283436, -0.9396926207859083], "theta_r": 0.4199608181189805, "theta_t": 0.3107717481056416, "xi_r": [0.45133693928521423, 0.14923997223160632, 0.8797854272065225], "xi_t": [0.08308964472011605, 0.14777122244467925, -2.3356619630332425], "fresnel_reflectance": 0.020810082467981737, "fresnel_transmittance": 0.9791899175320182}, "WF": {"nodes": [[-6.0, -2.222048604328897, 0.006999885264224475], [-5.5, -3.3330729064933458, -0.048926325508420854], [-5.0, -2.222048604328897, -0.07826567027812838]], "norm": [0.0849512491758552, -0.011920918965299593, 0.9963137944214585], "target": [-5.703957574050959, -2.353622011025242, -0.019816615683804217]}}, "1": {"DR": {"p_prime": [-5.703957574050959, -2.353622011025242, -0.019816615683804217], "xi_prime": [0.45133693928521423, 0.14923997223160632, 0.8797854272065225], "theta_r": 0.34807352525753665, "theta_t": 0.4721289096290672, "xi_r": [0.1460983354369631, -0.47824375101196037, -0.8659897176067145], "xi_t": [0.6606808280693449, 0.32006465823988195, 1.5099085843535076], "fresnel_reflectance": 0.02107865792573336, "fresnel_transmittance": 0.9789213420742666}, "WF": {"nodes": [[1.0, 6.6661458129866915, -0.25541977676586314], [1.5, 5.555121510822243, 0.056493452970468094], [0.0, 6.6661458129866915, -0.08057560811383116]], "norm": [0.16235550965880316, 0.3337567345854454, 0.9285726307630926], "target": [-3.8410269929098915, -1.7376216707047458, 3.6115705687574984]}}, "2": {"DR": {"p_prime": [-3.8410269929098915, -1.7376216707047458, 3.6115705687574984], "xi_prime": [0.1460983354369631, -0.47824375101196037, -0.8659897176067145], "theta_r": 1.027473807371265, "theta_t": 0.6970998090059053, "xi_r": [0.5716490532911388, -0.8204100811836044, 0.012027408850415755], "xi_t": [-0.36556254704132196, 0.023353068267910004, -1.629816818480944], "fresnel_reflectance": 0.05529358699833466, "fresnel_transmittance": 0.9447064130016654}, "WF": {"nodes": [[-3.5, -3.3330729064933458, 0.40331785017050065], [-3.0, -4.444097208657794, -0.271988415804892], [-2.5, -3.3330729064933458, -0.08135460669979638]], "norm": [0.4115713652359985, -0.33092615694938626, 0.849174240049995], "target": [-3.2599964363632594, -3.639588808005379, 0.16754441965882538]}}}, "19": {}, "20": {"0": {"DR": {"p_prime": [-5.768825977497815, -2.735728518386974, 0.5765709199170032], "xi_prime": [0.29619813272602386, 0.17101007166283436, -0.9396926207859083], "theta_r": 0.4199608181189805, "theta_t": 0.3107717481056416, "xi_r": [0.45133693928521423, 0.14923997223160632, 0.8797854272065225], "xi_t": [0.08308964472011605, 0.14777122244467925, -2.3356619630332425], "fresnel_reflectance": 0.020810082467981737, "fresnel_transmittance": 0.9791899175320182}, "WF": {"nodes": [[-5.5, -3.3330729064933458, -0.048926325508420854], [-5.0, -2.222048604328897, -0.07826567027812838], [-6.0, -2.222048604328897, 0.006999885264224475]], "norm": [0.0849512491758552, -0.011920918965299593, 0.9963137944214585], "target": [-5.576389530305465, -2.6246252837985757, -0.03393633660298567]}}}, "21": {}, "22": {"0": {"DR": {"p_prime": [-5.645708575247596, -3.0093013702256717, 0.5765709199170032], "xi_prime": [0.29619813272602386, 0.17101007166283436, -0.9396926207859083], "theta_r": 0.4199608181189805, "theta_t": 0.3107717481056416, "xi_r": [0.45133693928521423, 0.14923997223160632, 0.8797854272065225], "xi_t": [0.08308964472011605, 0.14777122244467925, -2.3356619630332425], "fresnel_reflectance": 0.020810082467981737, "fresnel_transmittance": 0.9791899175320182}, "WF": {"nodes": [[-5.5, -3.3330729064933458, -0.048926325508420854], [-5.0, -2.222048604328897, -0.07826567027812838], [-6.0, -2.222048604328897, 0.006999885264224475]], "norm": [0.0849512491758552, -0.011920918965299593, 0.9963137944214585], "target": [-5.448821486559971, -2.8956285565719093, -0.04805605752216724]}}}, "23": {}, "24": {"0": {"DR": {"p_prime": [-5.5225911729973785, -3.2828742220643687, 0.5765709199170032], "xi_prime": [0.29619813272602386, 0.17101007166283436, -0.9396926207859083], "theta_r": 0.4311995393925648, "theta_t": 0.3188456821029508, "xi_r": [0.4318518035114397, 0.2339586177563726, 0.8710725486326861], "xi_t": [0.100380621018766, 0.07175250552716012, -2.3301822759344666], "fresnel_reflectance": 0.020858852446067, "fresnel_transmittance": 0.979141147553933}, "WF": {"nodes": [[-4.0, -2.222048604328897, 0.018918931931286336], [-4.5, -3.3330729064933458, 0.09499958679211602], [-3.0, -2.222048604328897, -0.05599617748015208]], "norm": [0.07466091945236947, 0.03464555217947484, 0.9966069600503028], "target": [-5.390436759216276, -3.206574835693252, 0.157309237571229]}}}, "25": {}, "26": {"0": {"DR": {"p_prime": [-5.39947377074716, -3.5564470739030667, 0.5765709199170032], "xi_prime": [0.29619813272602386, 0.17101007166283436, -0.9396926207859083], "theta_r": 0.17420137309579395, "theta_t": 0.13036014451760095, "xi_r": [0.017136562725284743, -0.035223656671726944, 0.9992325216027719], "xi_t": [0.46726959362273324, 0.30940831736423857, -2.407874835290819], "fresnel_reflectance": 0.020418574265562525, "fresnel_transmittance": 0.9795814257344375}, "WF": {"nodes": [[-5.5, -3.3330729064933458, -0.048926325508420854], [-5.0, -4.444097208657794, -0.09513744379580624], [-4.5, -3.3330729064933458, 0.09499958679211602]], "norm": [-0.14167499750937793, -0.10470149274968714, 0.9843606008453939], "target": [-5.211547067625631, -3.447947541267933, -0.019629111955816625]}}, "1": {"DR": {"p_prime": [-5.211547067625631, -3.447947541267933, -0.019629111955816625], "xi_prime": [0.46726959362273324, 0.30940831736423857, -2.407874835290819], "theta_r": NaN, "theta_t": NaN, "xi_r": [-1.3381761463941255, -1.7278146073530645, 1.1558014043270832], "xi_t": [1.7550255193429964, 1.816944064853713, -4.578320977297157], "fresnel_reflectance": NaN, "fresnel_transmittance": NaN}, "WF": {"nodes": [[1.0, 4.444097208657794, 0.5765709199170032], [1.5, 3.3330729064933458, 0.19475135585219316], [0.0, 4.444097208657794, 0.06994640674000399]], "norm": [-0.4026073007863466, -0.4542927015978011, 0.7946857886161697], "target": [-4.041947464379179, -2.673482756549787, -6.046662521489106]}}}, "27": {}, "28": {"0": {"DR": {"p_prime": [-5.276356368496941, -3.830019925741764, 0.5765709199170032], "xi_prime": [0.29619813272602386, 0.17101007166283436, -0.9396926207859083], "theta_r": 0.17420137309579395, "theta_t": 0.13036014451760095, "xi_r": [0.017136562725284687, -0.035223656671726944, 0.9992325216027719], "xi_t": [0.4672695936227333, 0.30940831736423857, -2.407874835290819], "fresnel_reflectance": 0.020418574265562525, "fresnel_transmittance": 0.9795814257344375}, "WF": {"nodes": [[-5.0, -4.444097208657794, -0.09513744379580624], [-4.5, -3.3330729064933458, 0.09499958679211602], [-5.5, -3.3330729064933458, -0.048926325508420854]], "norm": [-0.14167499750937795, -0.10470149274968714, 0.9843606008453939], "target": [-5.085061017375964, -3.719575503277344, -0.03031619373439809]}}, "1": {"DR": {"p_prime": [-5.085061017375964, -3.719575503277344, -0.03031619373439809], "xi_prime": [0.4672695936227333, 0.30940831736423857, -2.407874835290819], "theta_r": NaN, "theta_t": NaN, "xi_r": [-1.3381761463941253, -1.7278146073530645, 1.1558014043270832], "xi_t": [1.7550255193429964, 1.816944064853713, -4.578320977297157], "fresnel_reflectance": NaN, "fresnel_transmittance": NaN}, "WF": {"nodes": [[1.0, 4.444097208657794, 0.5765709199170032], [1.5, 3.3330729064933458, 0.19475135585219316], [0.0, 4.444097208657794, 0.06994640674000399]], "norm": [-0.4026073007863466, -0.4542927015978011, 0.7946857886161697], "target": [-3.902127756944923, -2.936281673207006, -6.126058926611956]}}}, "29": {}, "30": {"0": {"DR": {"p_prime": [-5.153238966246723, -4.103592777580461, 0.5765709199170032], "xi_prime": [0.29619813272602386, 0.17101007166283436, -0.9396926207859083], "theta_r": 0.17420137309579395, "theta_t": 0.13036014451760095, "xi_r": [0.017136562725284687, -0.035223656671726944, 0.9992325216027719], "xi_t": [0.4672695936227333, 0.30940831736423857, -2.407874835290819], "fresnel_reflectance": 0.020418574265562525, "fresnel_transmittance": 0.9795814257344375}, "WF": {"nodes": [[-5.0, -4.444097208657794, -0.09513744379580624], [-4.5, -3.3330729064933458, 0.09499958679211602], [-5.5, -3.3330729064933458, -0.048926325508420854]], "norm": [-0.14167499750937795, -0.10470149274968714, 0.9843606008453939], "target": [-4.958574967126299, -3.9912034652867554, -0.04100327551297922]}}}, "31": {}, "32": {}, "33": {}, "34": {"0": {"DR": {"p_prime": [-4.907004161746286, -4.650738481257856, 0.5765709199170032], "xi_prime": [0.29619813272602386, 0.17101007166283436, -0.9396926207859083], "theta_r": 0.5610361947984697, "theta_t": 0.41047822822740526, "xi_r": [0.6040498259449121, 0.3503340755632755, 0.7158141122352552], "xi_t": [-0.05998827770626819, -0.03608753705802713, -2.22199191461504], "fresnel_reflectance": 0.021866397135301988, "fresnel_transmittance": 0.978133602864698}, "WF": {"nodes": [[-5.0, -4.444097208657794, -0.09513744379580624], [-4.5, -5.555121510822243, -0.06776970267964903], [-4.0, -4.444097208657794, -0.2810936148450681]], "norm": [0.18179411254944144, 0.1058953024004128, 0.9776180673309419], "target": [-4.679024051107569, -4.519114103010712, -0.1466990942505625]}}, "1": {"DR": {"p_prime": [-4.907004161746286, -4.650738481257856, 0.5765709199170032], "xi_prime": [0.29619813272602386, 0.17101007166283436, -0.9396926207859083], "theta_r": 0.49658077942656653, "theta_t": 0.3653932062810783, "xi_r": [-0.089533815023284, -0.9182447912406532, 0.38575925047467796], "xi_t": [0.57167772714587, 1.1152805477917502, -1.9058212294956625], "fresnel_reflectance": 0.02124718399769354, "fresnel_transmittance": 0.9787528160023065}, "WF": {"nodes": [[1.0, 2.222048604328897, 0.4860749922946988], [1.5, 1.1110243021644486, -0.28145393283661424], [0.0, 2.222048604328897, 0.19505578887205544]], "norm": [-0.2193611381296559, -0.619446192709611, 0.7537686020364801], "target": [-3.013251284091103, -3.557379747565008, -5.431385944452198]}}}, "35": {}, "36": {"0": {"DR": {"p_prime": [-4.783886759496067, -4.924311333096553, 0.5765709199170032], "xi_prime": [0.29619813272602386, 0.17101007166283436, -0.9396926207859083], "theta_r": 0.5610361947984697, "theta_t": 0.41047822822740526, "xi_r": [0.6040498259449121, 0.3503340755632755, 0.7158141122352552], "xi_t": [-0.05998827770626819, -0.03608753705802713, -2.22199191461504], "fresnel_reflectance": 0.021866397135301988, "fresnel_transmittance": 0.978133602864698}, "WF": {"nodes": [[-4.5, -5.555121510822243, -0.06776970267964903], [-4.0, -4.444097208657794, -0.2810936148450681], [-5.0, -4.444097208657794, -0.09513744379580624]], "norm": [0.18179411254944144, 0.1058953024004128, 0.9776180673309419], "target": [-4.558211315898243, -4.794017554985861, -0.1393875065921114]}}}, "37": {}, "38": {"0": {"DR": {"p_prime": [-4.660769357245849, -5.197884184935251, 0.5765709199170032], "xi_prime": [0.29619813272602386, 0.17101007166283436, -0.9396926207859083], "theta_r": 0.5610361947984697, "theta_t": 0.41047822822740526, "xi_r": [0.6040498259449121, 0.3503340755632755, 0.7158141122352552], "xi_t": [-0.05998827770626819, -0.03608753705802713, -2.22199191461504], "fresnel_reflectance": 0.021866397135301988, "fresnel_transmittance": 0.978133602864698}, "WF": {"nodes": [[-4.5, -5.555121510822243, -0.06776970267964903], [-4.0, -4.444097208657794, -0.2810936148450681], [-5.0, -4.444097208657794, -0.09513744379580624]], "norm": [0.18179411254944144, 0.1058953024004128, 0.9776180673309419], "target": [-4.437398580688918, -5.068921006961012, -0.13207591893365989]}}}, "39": {}, "40": {"0": {"DR": {"p_prime": [-4.53765195499563, -5.471457036773948, 0.5765709199170032], "xi_prime": [0.29619813272602386, 0.17101007166283436, -0.9396926207859083], "theta_r": 0.5339498733221032, "theta_t": 0.3916381299650496, "xi_r": [0.5323978039018431, 0.3894485538404627, 0.7515865900294297], "xi_t": [0.006764407637133721, -0.070930682760972, -2.247001951764511], "fresnel_reflectance": 0.021571260172686017, "fresnel_transmittance": 0.9784287398273139}, "WF": {"nodes": [[-4.0, -4.444097208657794, -0.2810936148450681], [-4.5, -5.555121510822243, -0.06776970267964903], [-3.5, -5.555121510822243, -0.20742711090969007]], "norm": [0.13719719817923498, 0.12688056499023367, 0.9823839631424806], "target": [-4.317968147628476, -5.34462253145392, -0.12037895883194405]}}}, "41": {}, "42": {"0": {"DR": {"p_prime": [-4.414534552745412, -5.745029888612646, 0.5765709199170032], "xi_prime": [0.29619813272602386, 0.17101007166283436, -0.9396926207859083], "theta_r": 0.48079390155438284, "theta_t": 0.3542237499398799, "xi_r": [0.5414300768763144, 0.201423200311916, 0.8162610894988277], "xi_t": [0.0004777908032229661, 0.10076642551195868, -2.2920165121346674], "fresnel_reflectance": 0.021134856521169774, "fresnel_transmittance": 0.9788651434788302}, "WF": {"nodes": [[-4.5, -5.555121510822243, -0.06776970267964903], [-4.0, -6.6661458129866915, -0.11835545930916644], [-3.5, -5.555121510822243, -0.20742711090969007]], "norm": [0.13829471557943432, 0.01715100775708019, 0.9902426038985193], "target": [-4.1985179197335905, -5.620312627393835, -0.10874479811281346]}}}, "43": {}, "44": {"0": {"DR": {"p_prime": [-4.291417150495193, -6.018602740451343, 0.5765709199170032], "xi_prime": [0.29619813272602386, 0.17101007166283436, -0.9396926207859083], "theta_r": 0.48079390155438284, "theta_t": 0.3542237499398799, "xi_r": [0.5414300768763144, 0.201423200311916, 0.8162610894988277], "xi_t": [0.0004777908032229661, 0.10076642551195868, -2.2920165121346674], "fresnel_reflectance": 0.021134856521169774, "fresnel_transmittance": 0.9788651434788302}, "WF": {"nodes": [[-4.0, -6.6661458129866915, -0.11835545930916644], [-3.5, -5.555121510822243, -0.20742711090969007], [-4.5, -5.555121510822243, -0.06776970267964903]], "norm": [0.13829471557943432, 0.017151007757080193, 0.9902426038985193], "target": [-4.071279920378874, -5.891506451385028, -0.12181744869535527]}}}, "45": {}, "46": {"0": {"DR": {"p_prime": [-4.168299748244975, -6.29217559229004, 0.5765709199170032], "xi_prime": [0.29619813272602386, 0.17101007166283436, -0.9396926207859083], "theta_r": 0.48079390155438284, "theta_t": 0.3542237499398799, "xi_r": [0.5414300768763144, 0.201423200311916, 0.8162610894988277], "xi_t": [0.0004777908032229661, 0.10076642551195868, -2.2920165121346674], "fresnel_reflectance": 0.021134856521169774, "fresnel_transmittance": 0.9788651434788302}, "WF": {"nodes": [[-4.0, -6.6661458129866915, -0.11835545930916644], [-3.5, -5.555121510822243, -0.20742711090969007], [-4.5, -5.555121510822243, -0.06776970267964903]], "norm": [0.13829471557943432, 0.017151007757080193, 0.9902426038985193], "target": [-3.9440419210241573, -6.162700275376221, -0.13489009927789697]}}}, "47": {}, "48": {}, "49": {}, "50": {"0": {"DR": {"p_prime": [-3.922064943744538, -6.839321295967436, 0.5765709199170032], "xi_prime": [0.29619813272602386, 0.17101007166283436, -0.9396926207859083], "theta_r": 0.3007586961766684, "theta_t": 0.22405358107552162, "xi_r": [-0.3338292992380288, 0.41302526926096994, 0.8473299982428039], "xi_t": [0.7799836242809831, -0.08602605818686922, -2.2870240727941895], "fresnel_reflectance": 0.020505849924680953, "fresnel_transmittance": 0.979494150075319}, "WF": {"nodes": [[-4.0, -6.6661458129866915, -0.11835545930916644], [-3.5, -7.77717011515114, 0.2083882963597172], [-3.0, -6.6661458129866915, 0.23420159579206506]], "norm": [-0.3298186124939189, 0.1266946685566114, 0.9355042190241135], "target": [-3.7352302742166312, -6.731452249221545, -0.016164620467861268]}}}, "51": {"0": {"DR": {"p_prime": [3.922064943744538, 6.839321295967436, 0.5765709199170032], "xi_prime": [0.29619813272602386, 0.17101007166283436, -0.9396926207859083], "theta_r": 0.7493765014029764, "theta_t": 0.5362160774126263, "xi_r": [0.7756163356720059, 0.4810825245925183, 0.4086305230528172], "xi_t": [-0.23909966935701862, -0.17006316346599293, -2.0019912068455987], "fresnel_reflectance": 0.026313982785604338, "fresnel_transmittance": 0.9736860172143956}, "WF": {"nodes": [[1.0, -4.444097208657794, 0.1979776613656954], [0.5, -3.3330729064933458, 0.12025969765464323], [2.0, -4.444097208657794, -0.157588587820728]], "norm": [0.3274205802873617, 0.2117652226083745, 0.9208426869438193], "target": [5.416906798734139, 7.702368643341602, -4.165835277744455]}}}, "52": {"0": {"DR": {"p_prime": [-3.7989475414943192, -7.112894147806133, 0.5765709199170032], "xi_prime": [0.29619813272602386, 0.17101007166283436, -0.9396926207859083], "theta_r": 0.3007586961766684, "theta_t": 0.22405358107552162, "xi_r": [-0.3338292992380288, 0.41302526926096994, 0.8473299982428039], "xi_t": [0.7799836242809831, -0.08602605818686922, -2.2870240727941895], "fresnel_reflectance": 0.020505849924680953, "fresnel_transmittance": 0.979494150075319}, "WF": {"nodes": [[-4.0, -6.6661458129866915, -0.11835545930916644], [-3.5, -7.77717011515114, 0.2083882963597172], [-3.0, -6.6661458129866915, 0.23420159579206506]], "norm": [-0.3298186124939189, 0.1266946685566114, 0.9355042190241135], "target": [-3.6354544653379595, -7.018501376276619, 0.05788690324284429]}}}, "53": {}, "54": {"0": {"DR": {"p_prime": [-3.6758301392441006, -7.3864669996448304, 0.5765709199170032], "xi_prime": [0.29619813272602386, 0.17101007166283436, -0.9396926207859083], "theta_r": 0.3007586961766684, "theta_t": 0.22405358107552162, "xi_r": [-0.3338292992380288, 0.41302526926096994, 0.8473299982428039], "xi_t": [0.7799836242809831, -0.08602605818686922, -2.2870240727941895], "fresnel_reflectance": 0.020505849924680953, "fresnel_transmittance": 0.979494150075319}, "WF": {"nodes": [[-3.5, -7.77717011515114, 0.2083882963597172], [-3.0, -6.6661458129866915, 0.23420159579206506], [-4.0, -6.6661458129866915, -0.11835545930916644]], "norm": [-0.3298186124939189, 0.1266946685566114, 0.9355042190241135], "target": [-3.5356786564592877, -7.305550503331694, 0.13193842695354996]}}}, "55": {}, "56": {"0": {"DR": {"p_prime": [-3.552712736993882, -7.660039851483528, 0.5765709199170032], "xi_prime": [0.29619813272602386, 0.17101007166283436, -0.9396926207859083], "theta_r": 0.3007586961766684, "theta_t": 0.22405358107552162, "xi_r": [-0.3338292992380288, 0.41302526926096994, 0.8473299982428039], "xi_t": [0.7799836242809831, -0.08602605818686922, -2.2870240727941895], "fresnel_reflectance": 0.020505849924680953, "fresnel_transmittance": 0.979494150075319}, "WF": {"nodes": [[-3.5, -7.77717011515114, 0.2083882963597172], [-3.0, -6.6661458129866915, 0.23420159579206506], [-4.0, -6.6661458129866915, -0.11835545930916644]], "norm": [-0.3298186124939189, 0.1266946685566114, 0.9355042190241135], "target": [-3.4359028475806164, -7.592599630386769, 0.20598995066425563]}}}, "57": {}, "58": {"0": {"DR": {"p_prime": [-6.876882597749781, 0.27357285183869745, 0.5765709199170032], "xi_prime": [0.29619813272602386, 0.17101007166283436, -0.9396926207859083], "theta_r": 0.2536974958944721, "theta_t": 0.1893683834352561, "xi_r": [0.0947765566967878, 0.14045464740828734, 0.9855404082644784], "xi_t": [0.3998628177065058, 0.15521659874643848, -2.403402200384754], "fresnel_reflectance": 0.02045645956934861, "fresnel_transmittance": 0.9795435404306514}, "WF": {"nodes": [[-6.5, 1.1110243021644486, 0.08171527323447364], [-7.0, 0.0, 0.01177121716829209], [-6.0, 0.0, 0.11639313721117979]], "norm": [-0.10404103485159315, -0.015782906789047813, 0.9944477678190534], "target": [-6.710258352981425, 0.36977340440922585, 0.04795322806383495]}}}, "59": {}, "60": {"0": {"DR": {"p_prime": [-6.753765195499563, 0.0, 0.5765709199170032], "xi_prime": [0.29619813272602386, 0.17101007166283436, -0.9396926207859083], "theta_r": 0.2536974958944721, "theta_t": 0.1893683834352561, "xi_r": [0.0947765566967878, 0.14045464740828734, 0.9855404082644784], "xi_t": [0.3998628177065058, 0.15521659874643848, -2.403402200384754], "fresnel_reflectance": 0.02045645956934861, "fresnel_transmittance": 0.9795435404306514}, "WF": {"nodes": [[-6.0, 0.0, 0.11639313721117979], [-6.5, 1.1110243021644486, 0.08171527323447364], [-7.0, 0.0, 0.01177121716829209]], "norm": [-0.10404103485159315, -0.015782906789047813, 0.9944477678190534], "target": [-6.589739283321312, 0.09470040455018676, 0.056196473687291304]}}, "1": {"DR": {"p_prime": [-6.753765195499563, 0.0, 0.5765709199170032], "xi_prime": [0.29619813272602386, 0.17101007166283436, -0.9396926207859083], "theta_r": 0.33715224944872607, "theta_t": 0.2507192237810438, "xi_r": [-0.46368331320123396, -0.6864224544987584, 0.560198178342831], "xi_t": [0.8971236162185482, 0.8898836425859622, -2.0370678426287094], "fresnel_reflectance": 0.020565738702423727, "fresnel_transmittance": 0.9794342612975763}, "WF": {"nodes": [[1.0, 4.444097208657794, 0.5765709199170032], [1.5, 3.3330729064933458, 0.19475135585219316], [0.0, 4.444097208657794, 0.06994640674000399]], "norm": [-0.4026073007863466, -0.4542927015978011, 0.7946857886161697], "target": [-5.140277728482076, 0.9315474234166338, -4.542240102059667]}}}, "61": {}, "62": {}, "63": {}, "64": {}, "65": {}, "66": {"0": {"DR": {"p_prime": [-6.384412988748908, -0.8207185555160923, 0.5765709199170032], "xi_prime": [0.29619813272602386, 0.17101007166283436, -0.9396926207859083], "theta_r": 0.4386381552904896, "theta_t": 0.3241785224429967, "xi_r": [0.5382688915089354, -0.046407312204020695, 0.8414944811510888], "xi_t": [0.004643841903820625, 0.323610828230161, -2.3051968400786267], "fresnel_reflectance": 0.0208936807344781, "fresnel_transmittance": 0.9791063192655219}, "WF": {"nodes": [[-6.0, 0.0, 0.11639313721117979], [-6.5, -1.1110243021644486, 0.048730050235884656], [-5.5, -1.1110243021644486, -0.08717412205441859]], "norm": [0.13369187008602648, -0.12007619914323682, 0.9837216020156387], "target": [-6.220878886307409, -0.7263020974498091, 0.057756746793008906]}}}, "67": {}, "68": {}, "69": {"0": {"DR": {"p_prime": [6.261295586498689, 1.0942914073547896, 0.5765709199170032], "xi_prime": [0.29619813272602386, 0.17101007166283436, -0.9396926207859083], "theta_r": 0.2917504490941461, "theta_t": 0.21743103308129239, "xi_r": [-0.7352324287370313, 0.08709230530739819, 0.6721965531670698], "xi_t": [1.1347267250691409, 0.2025054195561711, -2.1309195680577013], "fresnel_reflectance": 0.020494241741281012, "fresnel_transmittance": 0.979505758258719}, "WF": {"nodes": [[6.5, 1.1110243021644486, 0.38081664237744145], [6.0, 2.222048604328897, 0.11871388137235726], [5.5, 1.1110243021644486, -0.259072611877916]], "norm": [-0.5384700206950612, -0.04381022152572079, 0.8415050215551466], "target": [6.352219041812472, 1.1467860887558532, 0.28811501633522923]}}, "1": {"DR": {"p_prime": [6.352219041812472, 1.1467860887558532, 0.28811501633522923], "xi_prime": [-0.7352324287370313, 0.08709230530739819, 0.6721965531670698], "theta_r": 0.7015096759893478, "theta_t": 1.0362414551546535, "xi_r": [-0.539287108457164, -0.24005210939783977, -0.8071830024384549], "xi_t": [-1.045597792522546, 0.22512576758684352, 1.3891830853701792], "fresnel_reflectance": 0.05721175566031659, "fresnel_transmittance": 0.9427882443396834}, "WF": {"nodes": [[1.0, 6.6661458129866915, -0.25541977676586314], [1.5, 5.555121510822243, 0.056493452970468094], [2.0, 6.6661458129866915, -0.122968764084628]], "norm": [-0.1282584990656107, 0.21413653333420615, 0.9683466850818694], "target": [5.060495919729226, 1.2997977625123396, 1.4690909858012393]}}}, "70": {"0": {"DR": {"p_prime": [-6.138178184248471, -1.3678642591934869, 0.5765709199170032], "xi_prime": [0.29619813272602386, 0.17101007166283436, -0.9396926207859083], "theta_r": 0.33715224944872607, "theta_t": 0.2507192237810438, "xi_r": [-0.46368331320123396, -0.6864224544987584, 0.560198178342831], "xi_t": [0.8971236162185482, 0.8898836425859622, -2.0370678426287094], "fresnel_reflectance": 0.020565738702423727, "fresnel_transmittance": 0.9794342612975763}, "WF": {"nodes": [[1.0, 4.444097208657794, 0.5765709199170032], [1.5, 3.3330729064933458, 0.19475135585219316], [0.0, 4.444097208657794, 0.06994640674000399]], "norm": [-0.4026073007863466, -0.4542927015978011, 0.7946857886161697], "target": [-4.407438467308957, -0.36862121772128187, -4.91422446606708]}}}, "71": {}, "72": {}, "73": {}, "74": {"0": {"DR": {"p_prime": [-5.891943379748033, -1.915009962870882, 0.5765709199170032], "xi_prime": [0.29619813272602386, 0.17101007166283436, -0.9396926207859083], "theta_r": 0.4458067434037542, "theta_t": 0.3293092120784153, "xi_r": [0.4493422675391562, 0.2543317402863558, 0.8563917867925189], "xi_t": [0.08441310525377159, 0.053319318423951115, -2.320140331522871], "fresnel_reflectance": 0.020929275965433453, "fresnel_transmittance": 0.9790707240345665}, "WF": {"nodes": [[-5.5, -1.1110243021644486, -0.08717412205441859], [-6.0, -2.222048604328897, 0.006999885264224475], [-5.0, -2.222048604328897, -0.07826567027812838]], "norm": [0.08486667268273869, 0.04617370940833214, 0.9953218757905584], "target": [-5.698172692640217, -1.8031364045081255, -0.038169230954421485]}}}, "75": {}, "76": {}, "77": {"0": {"DR": {"p_prime": [5.768825977497815, 2.188582814709579, 0.5765709199170032], "xi_prime": [0.29619813272602386, 0.17101007166283436, -0.9396926207859083], "theta_r": 0.12002221502954484, "theta_t": 0.08992183160756478, "xi_r": [-0.4155240571984861, 0.03431999252717349, 0.9089344838888248], "xi_t": [0.846035955541412, 0.24807848004422345, -2.3252543863729795], "fresnel_reflectance": 0.020410475875068935, "fresnel_transmittance": 0.979589524124931}, "WF": {"nodes": [[6.0, 2.222048604328897, 0.11871388137235726], [5.5, 3.3330729064933458, 0.008364371370096865], [5.0, 2.222048604328897, -0.26628652683584]], "norm": [-0.35843971883086795, -0.06884027816745762, 0.9310112695699636], "target": [5.921410002128188, 2.2766772424039616, 0.09249601817681452]}}}, "78": {}, "79": {}, "80": {"0": {"DR": {"p_prime": [-5.5225911729973785, -2.735728518386974, 0.5765709199170032], "xi_prime": [0.29619813272602386, 0.17101007166283436, -0.9396926207859083], "theta_r": 0.33715224944872607, "theta_t": 0.2507192237810438, "xi_r": [-0.46368331320123396, -0.6864224544987584, 0.560198178342831], "xi_t": [0.8971236162185482, 0.8898836425859622, -2.0370678426287094], "fresnel_reflectance": 0.020565738702423727, "fresnel_transmittance": 0.9794342612975763}, "WF": {"nodes": [[1.0, 4.444097208657794, 0.5765709199170032], [1.5, 3.3330729064933458, 0.19475135585219316], [0.0, 4.444097208657794, 0.06994640674000399]], "norm": [-0.4026073007863466, -0.4542927015978011, 0.7946857886161697], "target": [-3.674599206135838, -1.6687898588591978, -5.286208830074494]}}}, "81": {}, "82": {"0": {"DR": {"p_prime": [-5.39947377074716, -3.0093013702256712, 0.5765709199170032], "xi_prime": [0.29619813272602386, 0.17101007166283436, -0.9396926207859083], "theta_r": 0.30781569677072196, "theta_t": 0.22923571026943645, "xi_r": [0.025772939532617, 0.3423284318425429, 0.9392268098495028], "xi_t": [0.4617278360231591, -0.023519436561882566, -2.3693705971658443], "fresnel_reflectance": 0.020515767218099324, "fresnel_transmittance": 0.9794842327819007}, "WF": {"nodes": [[-5.0, -2.222048604328897, -0.07826567027812838], [-5.5, -3.3330729064933458, -0.048926325508420854], [-4.5, -3.3330729064933458, 0.09499958679211602]], "norm": [-0.14188135541895233, 0.08988393745203002, 0.9857943795602614], "target": [-5.2032145984173575, -2.8959910842501264, -0.04606398430250591]}}, "1": {"DR": {"p_prime": [-5.39947377074716, -3.0093013702256712, 0.5765709199170032], "xi_prime": [0.29619813272602386, 0.17101007166283436, -0.9396926207859083], "theta_r": 0.49658077942656653, "theta_t": 0.3653932062810783, "xi_r": [-0.089533815023284, -0.9182447912406532, 0.38575925047467796], "xi_t": [0.57167772714587, 1.1152805477917502, -1.9058212294956625], "fresnel_reflectance": 0.02124718399769354, "fresnel_transmittance": 0.9787528160023065}, "WF": {"nodes": [[1.0, 2.222048604328897, 0.4860749922946988], [1.5, 1.1110243021644486, -0.28145393283661424], [0.0, 2.222048604328897, 0.19505578887205544]], "norm": [-0.2193611381296559, -0.619446192709611, 0.7537686020364801], "target": [-3.8118695662428257, -2.092697655388512, -4.460125098289633]}}, "2": {"DR": {"p_prime": [-5.2032145984173575, -2.8959910842501264, -0.04606398430250591], "xi_prime": [0.4617278360231591, -0.023519436561882566, -2.3693705971658443], "theta_r": NaN, "theta_t": NaN, "xi_r": [-1.1954967606726028, -1.8934930751839258, 0.90173957139557